1
1
8
0
(28 0
((208,144) (223,159) (0,0))
((256,144) (271,175) (0,0))
((160,160) (175,191) (0,0))
((208,160) (239,175) (0,0))
((304,160) (319,191) (0,0))
((160,192) (191,207) (0,0))
((320,192) (351,207) (0,0))
((144,208) (175,239) (0,0))
((336,208) (367,239) (0,0))
((144,240) (159,271) (0,0))
((352,240) (367,271) (0,0))
((144,272) (175,303) (0,0))
((336,272) (367,303) (0,0))
((160,304) (191,319) (0,0))
((304,304) (319,319) (0,0))
((192,320) (207,335) (0,0))
((192,336) (207,367) (0,0))
((224,144) (255,159) (0,0))
((272,144) (303,175) (0,0))
((176,160) (207,191) (0,0))
((320,160) (351,191) (0,0))
((320,304) (351,319) (0,0))
((272,336) (303,367) (0,0))
((240,336) (271,367) (0,0))
((208,336) (239,367) (0,0))
((160,320) (191,351) (0,0))
((304,320) (319,351) (0,0))
((320,320) (351,351) (0,0))
)
28
FabOnDisk: Cell_D_00000 0
FabOnDisk: Cell_D_00000 16472
FabOnDisk: Cell_D_00000 49328
FabOnDisk: Cell_D_00000 82184
FabOnDisk: Cell_D_00000 115040
FabOnDisk: Cell_D_00000 147896
FabOnDisk: Cell_D_00000 180752
FabOnDisk: Cell_D_00000 213608
FabOnDisk: Cell_D_00000 279232
FabOnDisk: Cell_D_00000 344856
FabOnDisk: Cell_D_00000 377712
FabOnDisk: Cell_D_00000 410568
FabOnDisk: Cell_D_00000 476192
FabOnDisk: Cell_D_00000 541816
FabOnDisk: Cell_D_00000 574672
FabOnDisk: Cell_D_00000 591144
FabOnDisk: Cell_D_00000 607616
FabOnDisk: Cell_D_00000 640472
FabOnDisk: Cell_D_00000 673328
FabOnDisk: Cell_D_00000 738952
FabOnDisk: Cell_D_00000 804576
FabOnDisk: Cell_D_00000 870200
FabOnDisk: Cell_D_00000 903056
FabOnDisk: Cell_D_00000 968680
FabOnDisk: Cell_D_00000 1034304
FabOnDisk: Cell_D_00000 1099928
FabOnDisk: Cell_D_00000 1165552
FabOnDisk: Cell_D_00000 1198408

28,8
1.2500000000000000e-01,0.0000000000000000e+00,0.0000000000000000e+00,2.5000000372529035e-01,0.0000000000000000e+00,0.0000000000000000e+00,1.0000000149011612e-01,2.5000000372529035e-01,
1.2500000000000000e-01,0.0000000000000000e+00,0.0000000000000000e+00,2.5000000372529035e-01,0.0000000000000000e+00,0.0000000000000000e+00,1.0000000149011612e-01,2.5000000372529035e-01,
1.2500000000000000e-01,0.0000000000000000e+00,0.0000000000000000e+00,2.5000000372529035e-01,0.0000000000000000e+00,0.0000000000000000e+00,1.0000000149011612e-01,2.5000000372529035e-01,
1.2500000000000000e-01,0.0000000000000000e+00,0.0000000000000000e+00,2.5000000372529035e-01,0.0000000000000000e+00,0.0000000000000000e+00,1.0000000149011612e-01,2.5000000372529035e-01,
1.2500000000000000e-01,0.0000000000000000e+00,0.0000000000000000e+00,2.5000000372529035e-01,0.0000000000000000e+00,0.0000000000000000e+00,1.0000000149011612e-01,2.5000000372529035e-01,
1.2500000000000000e-01,0.0000000000000000e+00,0.0000000000000000e+00,2.5000000372529035e-01,0.0000000000000000e+00,0.0000000000000000e+00,1.0000000149011612e-01,2.5000000372529035e-01,
1.2500000000000000e-01,0.0000000000000000e+00,0.0000000000000000e+00,2.5000000372529035e-01,0.0000000000000000e+00,0.0000000000000000e+00,1.0000000149011612e-01,2.5000000372529035e-01,
1.2500000000000000e-01,0.0000000000000000e+00,0.0000000000000000e+00,2.5000000372529035e-01,0.0000000000000000e+00,0.0000000000000000e+00,1.0000000149011612e-01,2.5000000372529035e-01,
1.2500000000000000e-01,0.0000000000000000e+00,0.0000000000000000e+00,2.5000000372529035e-01,0.0000000000000000e+00,0.0000000000000000e+00,1.0000000149011612e-01,2.5000000372529035e-01,
1.2500000000000000e-01,0.0000000000000000e+00,0.0000000000000000e+00,2.5000000372529035e-01,0.0000000000000000e+00,0.0000000000000000e+00,1.0000000149011612e-01,2.5000000372529035e-01,
1.2500000000000000e-01,0.0000000000000000e+00,0.0000000000000000e+00,2.5000000372529035e-01,0.0000000000000000e+00,0.0000000000000000e+00,1.0000000149011612e-01,2.5000000372529035e-01,
1.2500000000000000e-01,0.0000000000000000e+00,0.0000000000000000e+00,2.5000000372529035e-01,0.0000000000000000e+00,0.0000000000000000e+00,1.0000000149011612e-01,2.5000000372529035e-01,
1.2500000000000000e-01,0.0000000000000000e+00,0.0000000000000000e+00,2.5000000372529035e-01,0.0000000000000000e+00,0.0000000000000000e+00,1.0000000149011612e-01,2.5000000372529035e-01,
1.2500000000000000e-01,0.0000000000000000e+00,0.0000000000000000e+00,2.5000000372529035e-01,0.0000000000000000e+00,0.0000000000000000e+00,1.0000000149011612e-01,2.5000000372529035e-01,
1.0000000000000000e+00,0.0000000000000000e+00,0.0000000000000000e+00,2.5000000000000004e+00,0.0000000000000000e+00,0.0000000000000000e+00,1.0000000000000000e+00,2.5000000000000004e+00,
1.0000000000000000e+00,0.0000000000000000e+00,0.0000000000000000e+00,2.5000000000000004e+00,0.0000000000000000e+00,0.0000000000000000e+00,1.0000000000000000e+00,2.5000000000000004e+00,
1.2500000000000000e-01,0.0000000000000000e+00,0.0000000000000000e+00,2.5000000372529035e-01,0.0000000000000000e+00,0.0000000000000000e+00,1.0000000149011612e-01,2.5000000372529035e-01,
1.2500000000000000e-01,0.0000000000000000e+00,0.0000000000000000e+00,2.5000000372529035e-01,0.0000000000000000e+00,0.0000000000000000e+00,1.0000000149011612e-01,2.5000000372529035e-01,
1.2500000000000000e-01,0.0000000000000000e+00,0.0000000000000000e+00,2.5000000372529035e-01,0.0000000000000000e+00,0.0000000000000000e+00,1.0000000149011612e-01,2.5000000372529035e-01,
1.2500000000000000e-01,0.0000000000000000e+00,0.0000000000000000e+00,2.5000000372529035e-01,0.0000000000000000e+00,0.0000000000000000e+00,1.0000000149011612e-01,2.5000000372529035e-01,
1.2500000000000000e-01,0.0000000000000000e+00,0.0000000000000000e+00,2.5000000372529035e-01,0.0000000000000000e+00,0.0000000000000000e+00,1.0000000149011612e-01,2.5000000372529035e-01,
1.2500000000000000e-01,0.0000000000000000e+00,0.0000000000000000e+00,2.5000000372529035e-01,0.0000000000000000e+00,0.0000000000000000e+00,1.0000000149011612e-01,2.5000000372529035e-01,
1.2500000000000000e-01,0.0000000000000000e+00,0.0000000000000000e+00,2.5000000372529035e-01,0.0000000000000000e+00,0.0000000000000000e+00,1.0000000149011612e-01,2.5000000372529035e-01,
1.2500000000000000e-01,0.0000000000000000e+00,0.0000000000000000e+00,2.5000000372529035e-01,0.0000000000000000e+00,0.0000000000000000e+00,1.0000000149011612e-01,2.5000000372529035e-01,
1.2500000000000000e-01,0.0000000000000000e+00,0.0000000000000000e+00,2.5000000372529035e-01,0.0000000000000000e+00,0.0000000000000000e+00,1.0000000149011612e-01,2.5000000372529035e-01,
1.2500000000000000e-01,0.0000000000000000e+00,0.0000000000000000e+00,2.5000000372529035e-01,0.0000000000000000e+00,0.0000000000000000e+00,1.0000000149011612e-01,2.5000000372529035e-01,
1.2500000000000000e-01,0.0000000000000000e+00,0.0000000000000000e+00,2.5000000372529035e-01,0.0000000000000000e+00,0.0000000000000000e+00,1.0000000149011612e-01,2.5000000372529035e-01,
1.2500000000000000e-01,0.0000000000000000e+00,0.0000000000000000e+00,2.5000000372529035e-01,0.0000000000000000e+00,0.0000000000000000e+00,1.0000000149011612e-01,2.5000000372529035e-01,

28,8
1.0000000000000000e+00,0.0000000000000000e+00,0.0000000000000000e+00,2.5000000000000004e+00,0.0000000000000000e+00,0.0000000000000000e+00,1.0000000000000000e+00,2.5000000000000004e+00,
1.0000000000000000e+00,0.0000000000000000e+00,0.0000000000000000e+00,2.5000000000000004e+00,0.0000000000000000e+00,0.0000000000000000e+00,1.0000000000000000e+00,2.5000000000000004e+00,
1.2500000000000000e-01,0.0000000000000000e+00,0.0000000000000000e+00,2.5000000372529035e-01,0.0000000000000000e+00,0.0000000000000000e+00,1.0000000149011612e-01,2.5000000372529035e-01,
1.0000000000000000e+00,0.0000000000000000e+00,0.0000000000000000e+00,2.5000000000000004e+00,0.0000000000000000e+00,0.0000000000000000e+00,1.0000000000000000e+00,2.5000000000000004e+00,
1.0000000000000000e+00,0.0000000000000000e+00,0.0000000000000000e+00,2.5000000000000004e+00,0.0000000000000000e+00,0.0000000000000000e+00,1.0000000000000000e+00,2.5000000000000004e+00,
1.0000000000000000e+00,0.0000000000000000e+00,0.0000000000000000e+00,2.5000000000000004e+00,0.0000000000000000e+00,0.0000000000000000e+00,1.0000000000000000e+00,2.5000000000000004e+00,
1.0000000000000000e+00,0.0000000000000000e+00,0.0000000000000000e+00,2.5000000000000004e+00,0.0000000000000000e+00,0.0000000000000000e+00,1.0000000000000000e+00,2.5000000000000004e+00,
1.0000000000000000e+00,0.0000000000000000e+00,0.0000000000000000e+00,2.5000000000000004e+00,0.0000000000000000e+00,0.0000000000000000e+00,1.0000000000000000e+00,2.5000000000000004e+00,
1.0000000000000000e+00,0.0000000000000000e+00,0.0000000000000000e+00,2.5000000000000004e+00,0.0000000000000000e+00,0.0000000000000000e+00,1.0000000000000000e+00,2.5000000000000004e+00,
1.0000000000000000e+00,0.0000000000000000e+00,0.0000000000000000e+00,2.5000000000000004e+00,0.0000000000000000e+00,0.0000000000000000e+00,1.0000000000000000e+00,2.5000000000000004e+00,
1.0000000000000000e+00,0.0000000000000000e+00,0.0000000000000000e+00,2.5000000000000004e+00,0.0000000000000000e+00,0.0000000000000000e+00,1.0000000000000000e+00,2.5000000000000004e+00,
1.0000000000000000e+00,0.0000000000000000e+00,0.0000000000000000e+00,2.5000000000000004e+00,0.0000000000000000e+00,0.0000000000000000e+00,1.0000000000000000e+00,2.5000000000000004e+00,
1.0000000000000000e+00,0.0000000000000000e+00,0.0000000000000000e+00,2.5000000000000004e+00,0.0000000000000000e+00,0.0000000000000000e+00,1.0000000000000000e+00,2.5000000000000004e+00,
1.0000000000000000e+00,0.0000000000000000e+00,0.0000000000000000e+00,2.5000000000000004e+00,0.0000000000000000e+00,0.0000000000000000e+00,1.0000000000000000e+00,2.5000000000000004e+00,
1.0000000000000000e+00,0.0000000000000000e+00,0.0000000000000000e+00,2.5000000000000004e+00,0.0000000000000000e+00,0.0000000000000000e+00,1.0000000000000000e+00,2.5000000000000004e+00,
1.0000000000000000e+00,0.0000000000000000e+00,0.0000000000000000e+00,2.5000000000000004e+00,0.0000000000000000e+00,0.0000000000000000e+00,1.0000000000000000e+00,2.5000000000000004e+00,
1.0000000000000000e+00,0.0000000000000000e+00,0.0000000000000000e+00,2.5000000000000004e+00,0.0000000000000000e+00,0.0000000000000000e+00,1.0000000000000000e+00,2.5000000000000004e+00,
1.0000000000000000e+00,0.0000000000000000e+00,0.0000000000000000e+00,2.5000000000000004e+00,0.0000000000000000e+00,0.0000000000000000e+00,1.0000000000000000e+00,2.5000000000000004e+00,
1.0000000000000000e+00,0.0000000000000000e+00,0.0000000000000000e+00,2.5000000000000004e+00,0.0000000000000000e+00,0.0000000000000000e+00,1.0000000000000000e+00,2.5000000000000004e+00,
1.0000000000000000e+00,0.0000000000000000e+00,0.0000000000000000e+00,2.5000000000000004e+00,0.0000000000000000e+00,0.0000000000000000e+00,1.0000000000000000e+00,2.5000000000000004e+00,
1.0000000000000000e+00,0.0000000000000000e+00,0.0000000000000000e+00,2.5000000000000004e+00,0.0000000000000000e+00,0.0000000000000000e+00,1.0000000000000000e+00,2.5000000000000004e+00,
1.0000000000000000e+00,0.0000000000000000e+00,0.0000000000000000e+00,2.5000000000000004e+00,0.0000000000000000e+00,0.0000000000000000e+00,1.0000000000000000e+00,2.5000000000000004e+00,
1.0000000000000000e+00,0.0000000000000000e+00,0.0000000000000000e+00,2.5000000000000004e+00,0.0000000000000000e+00,0.0000000000000000e+00,1.0000000000000000e+00,2.5000000000000004e+00,
1.0000000000000000e+00,0.0000000000000000e+00,0.0000000000000000e+00,2.5000000000000004e+00,0.0000000000000000e+00,0.0000000000000000e+00,1.0000000000000000e+00,2.5000000000000004e+00,
1.0000000000000000e+00,0.0000000000000000e+00,0.0000000000000000e+00,2.5000000000000004e+00,0.0000000000000000e+00,0.0000000000000000e+00,1.0000000000000000e+00,2.5000000000000004e+00,
1.0000000000000000e+00,0.0000000000000000e+00,0.0000000000000000e+00,2.5000000000000004e+00,0.0000000000000000e+00,0.0000000000000000e+00,1.0000000000000000e+00,2.5000000000000004e+00,
1.0000000000000000e+00,0.0000000000000000e+00,0.0000000000000000e+00,2.5000000000000004e+00,0.0000000000000000e+00,0.0000000000000000e+00,1.0000000000000000e+00,2.5000000000000004e+00,
1.0000000000000000e+00,0.0000000000000000e+00,0.0000000000000000e+00,2.5000000000000004e+00,0.0000000000000000e+00,0.0000000000000000e+00,1.0000000000000000e+00,2.5000000000000004e+00,

