HyperCLaw-V1.1
8
phi
phi
phi
phi
phi
phi
phi
phi
2
0
2
0 0 
2 2 
2 2 
((0,0) (127,127) (0,0)) ((0,0) (255,255) (0,0)) ((0,0) (511,511) (0,0)) 
0 0 0 
0.015625 0.015625 
0.0078125 0.0078125 
0.00390625 0.00390625 
0
0
0 16 0
0
0 0.5
0 0.5
1.5 2
0 0.5
1 1.5
0 0.5
0.5 1
0 0.5
0 0.5
1.5 2
0 0.5
1 1.5
0 0.5
0.5 1
1.5 2
1.5 2
1.5 2
1 1.5
1.5 2
0.5 1
1 1.5
1.5 2
1 1.5
1 1.5
1 1.5
0.5 1
0.5 1
1.5 2
0.5 1
1 1.5
0.5 1
0.5 1
Level_0/Cell
1 16 0
0
0.5 0.75
0.5 0.75
1.25 1.5
0.5 0.75
1 1.25
0.5 0.75
0.75 1
0.5 0.75
0.5 0.75
1.25 1.5
0.5 0.75
1 1.25
0.5 0.75
0.75 1
1.25 1.5
1.25 1.5
1.25 1.5
1 1.25
1.25 1.5
0.75 1
1 1.25
1.25 1.5
1 1.25
1 1.25
1 1.25
0.75 1
0.75 1
1.25 1.5
0.75 1
1 1.25
0.75 1
0.75 1
Level_1/Cell
2 28 0
0
0.8125 0.875
0.5625 0.625
1 1.0625
0.5625 0.6875
0.625 0.6875
0.625 0.75
0.8125 0.9375
0.625 0.6875
1.1875 1.25
0.625 0.75
0.625 0.75
0.75 0.8125
1.25 1.375
0.75 0.8125
0.5625 0.6875
0.8125 0.9375
1.3125 1.4375
0.8125 0.9375
0.5625 0.625
0.9375 1.0625
1.375 1.4375
0.9375 1.0625
0.5625 0.6875
1.0625 1.1875
1.3125 1.4375
1.0625 1.1875
0.625 0.75
1.1875 1.25
1.1875 1.25
1.1875 1.25
0.75 0.8125
1.25 1.3125
0.75 0.8125
1.3125 1.4375
0.875 1
0.5625 0.625
1.0625 1.1875
0.5625 0.6875
0.6875 0.8125
0.625 0.75
1.25 1.375
0.625 0.75
1.25 1.375
1.1875 1.25
1.0625 1.1875
1.3125 1.4375
0.9375 1.0625
1.3125 1.4375
0.8125 0.9375
1.3125 1.4375
0.625 0.75
1.25 1.375
1.1875 1.25
1.25 1.375
1.25 1.375
1.25 1.375
Level_2/Cell
