1
1
8
0
(16 0
((0,0) (31,31) (0,0))
((96,0) (127,31) (0,0))
((64,0) (95,31) (0,0))
((32,0) (63,31) (0,0))
((0,96) (31,127) (0,0))
((0,64) (31,95) (0,0))
((0,32) (31,63) (0,0))
((96,96) (127,127) (0,0))
((96,64) (127,95) (0,0))
((96,32) (127,63) (0,0))
((64,96) (95,127) (0,0))
((64,64) (95,95) (0,0))
((64,32) (95,63) (0,0))
((32,96) (63,127) (0,0))
((32,64) (63,95) (0,0))
((32,32) (63,63) (0,0))
)
16
FabOnDisk: Cell_D_00000 0
FabOnDisk: Cell_D_00000 65618
FabOnDisk: Cell_D_00000 131238
FabOnDisk: Cell_D_00000 196857
FabOnDisk: Cell_D_00000 262476
FabOnDisk: Cell_D_00000 328096
FabOnDisk: Cell_D_00000 393715
FabOnDisk: Cell_D_00000 459334
FabOnDisk: Cell_D_00000 524956
FabOnDisk: Cell_D_00000 590577
FabOnDisk: Cell_D_00000 656198
FabOnDisk: Cell_D_00000 721819
FabOnDisk: Cell_D_00000 787439
FabOnDisk: Cell_D_00000 853059
FabOnDisk: Cell_D_00000 918680
FabOnDisk: Cell_D_00000 984300

16,8
1.2500000000000000e-01,0.0000000000000000e+00,0.0000000000000000e+00,2.5000000372529035e-01,0.0000000000000000e+00,0.0000000000000000e+00,1.0000000149011612e-01,2.5000000372529035e-01,
1.2500000000000000e-01,0.0000000000000000e+00,0.0000000000000000e+00,2.5000000372529035e-01,0.0000000000000000e+00,0.0000000000000000e+00,1.0000000149011612e-01,2.5000000372529035e-01,
1.2500000000000000e-01,0.0000000000000000e+00,0.0000000000000000e+00,2.5000000372529035e-01,0.0000000000000000e+00,0.0000000000000000e+00,1.0000000149011612e-01,2.5000000372529035e-01,
1.2500000000000000e-01,0.0000000000000000e+00,0.0000000000000000e+00,2.5000000372529035e-01,0.0000000000000000e+00,0.0000000000000000e+00,1.0000000149011612e-01,2.5000000372529035e-01,
1.2500000000000000e-01,0.0000000000000000e+00,0.0000000000000000e+00,2.5000000372529035e-01,0.0000000000000000e+00,0.0000000000000000e+00,1.0000000149011612e-01,2.5000000372529035e-01,
1.2500000000000000e-01,0.0000000000000000e+00,0.0000000000000000e+00,2.5000000372529035e-01,0.0000000000000000e+00,0.0000000000000000e+00,1.0000000149011612e-01,2.5000000372529035e-01,
1.2500000000000000e-01,0.0000000000000000e+00,0.0000000000000000e+00,2.5000000372529035e-01,0.0000000000000000e+00,0.0000000000000000e+00,1.0000000149011612e-01,2.5000000372529035e-01,
1.2500000000000000e-01,0.0000000000000000e+00,0.0000000000000000e+00,2.5000000372529035e-01,0.0000000000000000e+00,0.0000000000000000e+00,1.0000000149011612e-01,2.5000000372529035e-01,
1.2500000000000000e-01,0.0000000000000000e+00,0.0000000000000000e+00,2.5000000372529035e-01,0.0000000000000000e+00,0.0000000000000000e+00,1.0000000149011612e-01,2.5000000372529035e-01,
1.2500000000000000e-01,0.0000000000000000e+00,0.0000000000000000e+00,2.5000000372529035e-01,0.0000000000000000e+00,0.0000000000000000e+00,1.0000000149011612e-01,2.5000000372529035e-01,
1.2500000000000000e-01,0.0000000000000000e+00,0.0000000000000000e+00,2.5000000372529035e-01,0.0000000000000000e+00,0.0000000000000000e+00,1.0000000149011612e-01,2.5000000372529035e-01,
1.2500000000000000e-01,0.0000000000000000e+00,0.0000000000000000e+00,2.5000000372529035e-01,0.0000000000000000e+00,0.0000000000000000e+00,1.0000000149011612e-01,2.5000000372529035e-01,
1.2500000000000000e-01,0.0000000000000000e+00,0.0000000000000000e+00,2.5000000372529035e-01,0.0000000000000000e+00,0.0000000000000000e+00,1.0000000149011612e-01,2.5000000372529035e-01,
1.2500000000000000e-01,0.0000000000000000e+00,0.0000000000000000e+00,2.5000000372529035e-01,0.0000000000000000e+00,0.0000000000000000e+00,1.0000000149011612e-01,2.5000000372529035e-01,
1.2500000000000000e-01,0.0000000000000000e+00,0.0000000000000000e+00,2.5000000372529035e-01,0.0000000000000000e+00,0.0000000000000000e+00,1.0000000149011612e-01,2.5000000372529035e-01,
1.2500000000000000e-01,0.0000000000000000e+00,0.0000000000000000e+00,2.5000000372529035e-01,0.0000000000000000e+00,0.0000000000000000e+00,1.0000000149011612e-01,2.5000000372529035e-01,

16,8
1.2500000000000000e-01,0.0000000000000000e+00,0.0000000000000000e+00,2.5000000372529035e-01,0.0000000000000000e+00,0.0000000000000000e+00,1.0000000149011612e-01,2.5000000372529035e-01,
1.2500000000000000e-01,0.0000000000000000e+00,0.0000000000000000e+00,2.5000000372529035e-01,0.0000000000000000e+00,0.0000000000000000e+00,1.0000000149011612e-01,2.5000000372529035e-01,
1.2500000000000000e-01,0.0000000000000000e+00,0.0000000000000000e+00,2.5000000372529035e-01,0.0000000000000000e+00,0.0000000000000000e+00,1.0000000149011612e-01,2.5000000372529035e-01,
1.2500000000000000e-01,0.0000000000000000e+00,0.0000000000000000e+00,2.5000000372529035e-01,0.0000000000000000e+00,0.0000000000000000e+00,1.0000000149011612e-01,2.5000000372529035e-01,
1.2500000000000000e-01,0.0000000000000000e+00,0.0000000000000000e+00,2.5000000372529035e-01,0.0000000000000000e+00,0.0000000000000000e+00,1.0000000149011612e-01,2.5000000372529035e-01,
1.2500000000000000e-01,0.0000000000000000e+00,0.0000000000000000e+00,2.5000000372529035e-01,0.0000000000000000e+00,0.0000000000000000e+00,1.0000000149011612e-01,2.5000000372529035e-01,
1.2500000000000000e-01,0.0000000000000000e+00,0.0000000000000000e+00,2.5000000372529035e-01,0.0000000000000000e+00,0.0000000000000000e+00,1.0000000149011612e-01,2.5000000372529035e-01,
1.2500000000000000e-01,0.0000000000000000e+00,0.0000000000000000e+00,2.5000000372529035e-01,0.0000000000000000e+00,0.0000000000000000e+00,1.0000000149011612e-01,2.5000000372529035e-01,
1.2500000000000000e-01,0.0000000000000000e+00,0.0000000000000000e+00,2.5000000372529035e-01,0.0000000000000000e+00,0.0000000000000000e+00,1.0000000149011612e-01,2.5000000372529035e-01,
1.2500000000000000e-01,0.0000000000000000e+00,0.0000000000000000e+00,2.5000000372529035e-01,0.0000000000000000e+00,0.0000000000000000e+00,1.0000000149011612e-01,2.5000000372529035e-01,
1.2500000000000000e-01,0.0000000000000000e+00,0.0000000000000000e+00,2.5000000372529035e-01,0.0000000000000000e+00,0.0000000000000000e+00,1.0000000149011612e-01,2.5000000372529035e-01,
1.0000000000000000e+00,0.0000000000000000e+00,0.0000000000000000e+00,2.5000000000000004e+00,0.0000000000000000e+00,0.0000000000000000e+00,1.0000000000000000e+00,2.5000000000000004e+00,
1.0000000000000000e+00,0.0000000000000000e+00,0.0000000000000000e+00,2.5000000000000004e+00,0.0000000000000000e+00,0.0000000000000000e+00,1.0000000000000000e+00,2.5000000000000004e+00,
1.2500000000000000e-01,0.0000000000000000e+00,0.0000000000000000e+00,2.5000000372529035e-01,0.0000000000000000e+00,0.0000000000000000e+00,1.0000000149011612e-01,2.5000000372529035e-01,
1.0000000000000000e+00,0.0000000000000000e+00,0.0000000000000000e+00,2.5000000000000004e+00,0.0000000000000000e+00,0.0000000000000000e+00,1.0000000000000000e+00,2.5000000000000004e+00,
1.0000000000000000e+00,0.0000000000000000e+00,0.0000000000000000e+00,2.5000000000000004e+00,0.0000000000000000e+00,0.0000000000000000e+00,1.0000000000000000e+00,2.5000000000000004e+00,

