1
1
8
0
(16 0
((64,64) (95,95) (0,0))
((160,64) (191,95) (0,0))
((128,64) (159,95) (0,0))
((96,64) (127,95) (0,0))
((64,160) (95,191) (0,0))
((64,128) (95,159) (0,0))
((64,96) (95,127) (0,0))
((160,160) (191,191) (0,0))
((160,128) (191,159) (0,0))
((160,96) (191,127) (0,0))
((128,160) (159,191) (0,0))
((128,128) (159,159) (0,0))
((128,96) (159,127) (0,0))
((96,160) (127,191) (0,0))
((96,128) (127,159) (0,0))
((96,96) (127,127) (0,0))
)
16
FabOnDisk: Cell_D_00000 0
FabOnDisk: Cell_D_00000 65620
FabOnDisk: Cell_D_00000 131242
FabOnDisk: Cell_D_00000 196864
FabOnDisk: Cell_D_00000 262485
FabOnDisk: Cell_D_00000 328107
FabOnDisk: Cell_D_00000 393729
FabOnDisk: Cell_D_00000 459350
FabOnDisk: Cell_D_00000 524974
FabOnDisk: Cell_D_00000 590598
FabOnDisk: Cell_D_00000 656221
FabOnDisk: Cell_D_00000 721845
FabOnDisk: Cell_D_00000 787469
FabOnDisk: Cell_D_00000 853092
FabOnDisk: Cell_D_00000 918715
FabOnDisk: Cell_D_00000 984338

16,8
1.2500000000000000e-01,0.0000000000000000e+00,0.0000000000000000e+00,2.5000000372529035e-01,0.0000000000000000e+00,0.0000000000000000e+00,1.0000000149011612e-01,2.5000000372529035e-01,
1.2500000000000000e-01,0.0000000000000000e+00,0.0000000000000000e+00,2.5000000372529035e-01,0.0000000000000000e+00,0.0000000000000000e+00,1.0000000149011612e-01,2.5000000372529035e-01,
1.2500000000000000e-01,0.0000000000000000e+00,0.0000000000000000e+00,2.5000000372529035e-01,0.0000000000000000e+00,0.0000000000000000e+00,1.0000000149011612e-01,2.5000000372529035e-01,
1.2500000000000000e-01,0.0000000000000000e+00,0.0000000000000000e+00,2.5000000372529035e-01,0.0000000000000000e+00,0.0000000000000000e+00,1.0000000149011612e-01,2.5000000372529035e-01,
1.2500000000000000e-01,0.0000000000000000e+00,0.0000000000000000e+00,2.5000000372529035e-01,0.0000000000000000e+00,0.0000000000000000e+00,1.0000000149011612e-01,2.5000000372529035e-01,
1.2500000000000000e-01,0.0000000000000000e+00,0.0000000000000000e+00,2.5000000372529035e-01,0.0000000000000000e+00,0.0000000000000000e+00,1.0000000149011612e-01,2.5000000372529035e-01,
1.2500000000000000e-01,0.0000000000000000e+00,0.0000000000000000e+00,2.5000000372529035e-01,0.0000000000000000e+00,0.0000000000000000e+00,1.0000000149011612e-01,2.5000000372529035e-01,
1.2500000000000000e-01,0.0000000000000000e+00,0.0000000000000000e+00,2.5000000372529035e-01,0.0000000000000000e+00,0.0000000000000000e+00,1.0000000149011612e-01,2.5000000372529035e-01,
1.2500000000000000e-01,0.0000000000000000e+00,0.0000000000000000e+00,2.5000000372529035e-01,0.0000000000000000e+00,0.0000000000000000e+00,1.0000000149011612e-01,2.5000000372529035e-01,
1.2500000000000000e-01,0.0000000000000000e+00,0.0000000000000000e+00,2.5000000372529035e-01,0.0000000000000000e+00,0.0000000000000000e+00,1.0000000149011612e-01,2.5000000372529035e-01,
1.2500000000000000e-01,0.0000000000000000e+00,0.0000000000000000e+00,2.5000000372529035e-01,0.0000000000000000e+00,0.0000000000000000e+00,1.0000000149011612e-01,2.5000000372529035e-01,
1.0000000000000000e+00,0.0000000000000000e+00,0.0000000000000000e+00,2.5000000000000004e+00,0.0000000000000000e+00,0.0000000000000000e+00,1.0000000000000000e+00,2.5000000000000004e+00,
1.0000000000000000e+00,0.0000000000000000e+00,0.0000000000000000e+00,2.5000000000000004e+00,0.0000000000000000e+00,0.0000000000000000e+00,1.0000000000000000e+00,2.5000000000000004e+00,
1.2500000000000000e-01,0.0000000000000000e+00,0.0000000000000000e+00,2.5000000372529035e-01,0.0000000000000000e+00,0.0000000000000000e+00,1.0000000149011612e-01,2.5000000372529035e-01,
1.0000000000000000e+00,0.0000000000000000e+00,0.0000000000000000e+00,2.5000000000000004e+00,0.0000000000000000e+00,0.0000000000000000e+00,1.0000000000000000e+00,2.5000000000000004e+00,
1.0000000000000000e+00,0.0000000000000000e+00,0.0000000000000000e+00,2.5000000000000004e+00,0.0000000000000000e+00,0.0000000000000000e+00,1.0000000000000000e+00,2.5000000000000004e+00,

16,8
1.0000000000000000e+00,0.0000000000000000e+00,0.0000000000000000e+00,2.5000000000000004e+00,0.0000000000000000e+00,0.0000000000000000e+00,1.0000000000000000e+00,2.5000000000000004e+00,
1.0000000000000000e+00,0.0000000000000000e+00,0.0000000000000000e+00,2.5000000000000004e+00,0.0000000000000000e+00,0.0000000000000000e+00,1.0000000000000000e+00,2.5000000000000004e+00,
1.0000000000000000e+00,0.0000000000000000e+00,0.0000000000000000e+00,2.5000000000000004e+00,0.0000000000000000e+00,0.0000000000000000e+00,1.0000000000000000e+00,2.5000000000000004e+00,
1.0000000000000000e+00,0.0000000000000000e+00,0.0000000000000000e+00,2.5000000000000004e+00,0.0000000000000000e+00,0.0000000000000000e+00,1.0000000000000000e+00,2.5000000000000004e+00,
1.0000000000000000e+00,0.0000000000000000e+00,0.0000000000000000e+00,2.5000000000000004e+00,0.0000000000000000e+00,0.0000000000000000e+00,1.0000000000000000e+00,2.5000000000000004e+00,
1.0000000000000000e+00,0.0000000000000000e+00,0.0000000000000000e+00,2.5000000000000004e+00,0.0000000000000000e+00,0.0000000000000000e+00,1.0000000000000000e+00,2.5000000000000004e+00,
1.0000000000000000e+00,0.0000000000000000e+00,0.0000000000000000e+00,2.5000000000000004e+00,0.0000000000000000e+00,0.0000000000000000e+00,1.0000000000000000e+00,2.5000000000000004e+00,
1.0000000000000000e+00,0.0000000000000000e+00,0.0000000000000000e+00,2.5000000000000004e+00,0.0000000000000000e+00,0.0000000000000000e+00,1.0000000000000000e+00,2.5000000000000004e+00,
1.0000000000000000e+00,0.0000000000000000e+00,0.0000000000000000e+00,2.5000000000000004e+00,0.0000000000000000e+00,0.0000000000000000e+00,1.0000000000000000e+00,2.5000000000000004e+00,
1.0000000000000000e+00,0.0000000000000000e+00,0.0000000000000000e+00,2.5000000000000004e+00,0.0000000000000000e+00,0.0000000000000000e+00,1.0000000000000000e+00,2.5000000000000004e+00,
1.0000000000000000e+00,0.0000000000000000e+00,0.0000000000000000e+00,2.5000000000000004e+00,0.0000000000000000e+00,0.0000000000000000e+00,1.0000000000000000e+00,2.5000000000000004e+00,
1.0000000000000000e+00,0.0000000000000000e+00,0.0000000000000000e+00,2.5000000000000004e+00,0.0000000000000000e+00,0.0000000000000000e+00,1.0000000000000000e+00,2.5000000000000004e+00,
1.0000000000000000e+00,0.0000000000000000e+00,0.0000000000000000e+00,2.5000000000000004e+00,0.0000000000000000e+00,0.0000000000000000e+00,1.0000000000000000e+00,2.5000000000000004e+00,
1.0000000000000000e+00,0.0000000000000000e+00,0.0000000000000000e+00,2.5000000000000004e+00,0.0000000000000000e+00,0.0000000000000000e+00,1.0000000000000000e+00,2.5000000000000004e+00,
1.0000000000000000e+00,0.0000000000000000e+00,0.0000000000000000e+00,2.5000000000000004e+00,0.0000000000000000e+00,0.0000000000000000e+00,1.0000000000000000e+00,2.5000000000000004e+00,
1.0000000000000000e+00,0.0000000000000000e+00,0.0000000000000000e+00,2.5000000000000004e+00,0.0000000000000000e+00,0.0000000000000000e+00,1.0000000000000000e+00,2.5000000000000004e+00,

